2021-04-07 00:01:19.862 +03:00 [INF] 
COM-> 7F-80-01-11-65-82
COM<- 7F-80-01-F0-23-80
result: success, command: CMD_SYNC, count: 0

2021-04-07 00:01:19.933 +03:00 [INF] 
COM-> 7F-00-02-06-06-1B-94
COM<- 7F-00-01-F0-20-0A
result: success, command: CMD_HOST_PROTOCOL_VERSION, count: 0

2021-04-07 00:01:19.968 +03:00 [INF] 
COM-> 7F-80-09-4A-7F-7F-92-0D-49-00-00-00-00-E7-28
COM<- 7F-80-01-F0-23-80
result: success, command: CMD_SET_GENERATOR, count: 0

2021-04-07 00:01:20.005 +03:00 [INF] 
COM-> 7F-00-09-4B-55-4C-40-26-00-00-00-00-4B-B6
COM<- 7F-00-01-F0-20-0A
result: success, command: CMD_SET_MODULUS, count: 0

2021-04-07 00:01:20.029 +03:00 [INF] 
COM-> 7F-80-09-4C-1A-28-A6-01-00-00-00-00-2D-88
COM<- 7F-80-09-F0-BA-C6-71-03-00-00-00-00-93-33
result: success, command: CMD_REQUEST_KEY_EXCHANGE, count: 0

2021-04-07 00:01:20.055 +03:00 [INF] 
COM-> 7F-00-11-7E-47-7B-1B-43-E4-CC-53-3D-3B-D4-05-26-1D-36-2B-FE-97-42
COM<- 7F-00-47-F0-00-30-33-37-38-54-52-59-00-00-01-06-05-0A-14-32-64-C8-02-02-02-02-02-02-00-00-64-06-54-52-59-54-52-59-54-52-59-54-52-59-54-52-59-54-52-59-05-00-00-00-0A-00-00-00-14-00-00-00-32-00-00-00-64-00-00-00-C8-00-00-00-6F-27
result: success, command: CMD_SETUP_REQUEST, count: 1

2021-04-07 00:01:20.059 +03:00 [INF] 
COM-> 7F-80-11-7E-2E-F2-B8-31-B4-F1-44-9D-19-54-E2-95-C1-4B-97-84-6C-2F
COM<- 7F-80-01-F0-31-1C
result: success, command: CMD_SET_CHANNEL_INHIBITS, count: 2

2021-04-07 00:01:20.069 +03:00 [INF] 
COM-> 7F-00-11-7E-23-1A-20-15-35-2D-8E-65-27-14-D7-93-6B-65-BD-C3-04-D1
COM<- 7F-00-01-F0-2F-2C
result: success, command: CMD_CONFIGURE_BEZEL, count: 3

2021-04-07 00:01:20.079 +03:00 [INF] 
COM-> 7F-80-11-7E-1B-0D-33-BA-93-27-2F-D3-28-1D-10-47-43-D3-78-B1-8D-1E
COM<- 7F-80-01-F0-E2-45
result: success, command: CMD_ENABLE, count: 4

2021-04-07 00:01:20.505 +03:00 [INF] 
COM-> 7F-00-11-7E-BD-8F-50-70-34-4D-8A-94-FA-BD-79-7A-8C-3C-68-F3-EC-44
COM<- 7F-00-01-F0-35-23
result: success, command: CMD_POLL, count: 5

2021-04-07 00:01:20.910 +03:00 [INF] 
COM-> 7F-80-11-7E-23-61-D9-B6-D9-15-68-1C-82-34-7E-6E-5C-B0-AC-B1-D8-4B
COM<- 7F-80-01-F0-E4-49
result: success, command: CMD_POLL, count: 6

2021-04-07 00:01:21.328 +03:00 [INF] 
COM-> 7F-00-11-7E-9D-5C-D4-B7-67-1C-E5-7A-FE-E6-27-CA-25-56-F7-AD-35-A9
COM<- 7F-00-01-F0-D6-A0
result: success, command: CMD_POLL, count: 7

2021-04-07 00:01:21.744 +03:00 [INF] 
COM-> 7F-80-11-7E-E6-FD-9F-84-D6-2A-1E-FB-43-5D-D4-DF-CA-20-15-CA-CF-6B
COM<- 7F-80-01-F0-A0-5D
result: success, command: CMD_POLL, count: 8

2021-04-07 00:01:22.161 +03:00 [INF] 
COM-> 7F-00-11-7E-2D-A6-11-77-90-B5-F5-5C-DE-60-63-9C-1D-7D-EC-8A-0C-DF
COM<- 7F-00-01-F0-FA-C6
result: success, command: CMD_POLL, count: 9

2021-04-07 00:01:22.574 +03:00 [INF] 
COM-> 7F-80-11-7E-0A-E6-AD-AE-A5-45-C4-E3-57-A7-86-B3-2E-9A-3D-AD-EA-D1
COM<- 7F-80-01-F0-E2-49
result: success, command: CMD_POLL, count: 10

2021-04-07 00:01:22.993 +03:00 [INF] 
COM-> 7F-00-11-7E-E8-14-F9-63-84-1B-88-41-2C-41-71-BF-B7-E3-7A-44-5D-E0
COM<- 7F-00-01-F0-E0-3F
result: success, command: CMD_POLL, count: 11

2021-04-07 00:01:23.405 +03:00 [INF] 
COM-> 7F-80-11-7E-39-87-EF-7B-6B-D7-59-1E-29-38-54-88-D4-92-21-AC-FA-B5
COM<- 7F-80-01-F0-AD-A2
result: success, command: CMD_POLL, count: 12

2021-04-07 00:01:23.810 +03:00 [INF] 
COM-> 7F-00-11-7E-3D-8D-F1-54-35-14-0C-4C-B7-69-EB-5C-2D-0A-B7-2C-A1-87
COM<- 7F-00-01-F0-CA-59
result: success, command: CMD_POLL, count: 13

2021-04-07 00:01:24.232 +03:00 [INF] 
COM-> 7F-80-11-7E-C3-91-95-BC-DC-D9-A7-B2-A6-51-7D-2D-37-4E-3C-01-86-C9
COM<- 7F-80-01-F0-84-F2
result: success, command: CMD_POLL, count: 14

2021-04-07 00:01:24.652 +03:00 [INF] 
COM-> 7F-00-11-7E-C4-DF-2C-ED-5B-78-06-A7-95-D8-31-AC-B7-CF-60-7E-79-EA
COM<- 7F-00-01-F0-D8-80
result: success, command: CMD_POLL, count: 15

2021-04-07 00:01:25.074 +03:00 [INF] 
COM-> 7F-80-11-7E-D8-C1-25-97-AC-BA-9D-92-26-59-0C-00-A5-62-A3-52-56-F6
COM<- 7F-80-01-F0-60-8C
result: success, command: CMD_POLL, count: 16

2021-04-07 00:01:25.499 +03:00 [INF] 
COM-> 7F-00-11-7E-52-C2-0D-BF-7B-63-F5-F9-55-71-5F-15-67-2F-AC-D2-52-5C
COM<- 7F-00-01-F0-D4-10
result: success, command: CMD_POLL, count: 17

2021-04-07 00:01:25.915 +03:00 [INF] 
COM-> 7F-80-11-7E-2C-FE-E4-6D-C8-2F-F0-28-16-A3-87-B9-99-F0-2B-DF-63-7C
COM<- 7F-80-01-F0-18-66
result: success, command: CMD_POLL, count: 18

2021-04-07 00:01:26.335 +03:00 [INF] 
COM-> 7F-00-11-7E-66-D3-D1-73-B6-ED-69-E1-7D-36-CB-67-44-F4-2C-1B-78-C7
COM<- 7F-00-01-F0-47-BE
result: success, command: CMD_POLL, count: 19

2021-04-07 00:01:26.760 +03:00 [INF] 
COM-> 7F-80-11-7E-CF-31-8E-D8-27-BE-ED-AC-CD-B9-F0-D0-27-B0-B7-39-30-9A
COM<- 7F-80-01-F0-CD-35
result: success, command: CMD_POLL, count: 20

2021-04-07 00:01:27.180 +03:00 [INF] 
COM-> 7F-00-11-7E-4A-40-5F-5E-98-E3-7C-70-B2-54-B4-CA-B6-FC-E7-98-2F-0B
COM<- 7F-00-01-F0-AE-91
result: success, command: CMD_POLL, count: 21

2021-04-07 00:01:27.599 +03:00 [INF] 
COM-> 7F-80-11-7E-B6-2D-D2-F0-1F-43-55-B3-FC-4F-B2-6F-13-27-64-57-BB-BC
COM<- 7F-80-01-F0-54-63
result: success, command: CMD_POLL, count: 22

2021-04-07 00:01:28.015 +03:00 [INF] 
COM-> 7F-00-11-7E-C4-D9-84-85-D6-8F-25-9D-25-24-E8-09-4A-F5-81-23-1B-1E
COM<- 7F-00-01-F0-74-59
result: success, command: CMD_POLL, count: 23

2021-04-07 00:01:28.426 +03:00 [INF] 
COM-> 7F-80-11-7E-0C-64-D4-C4-C0-0C-99-B1-9A-DF-33-C2-8B-AD-73-87-20-C6
COM<- 7F-80-01-F0-95-74
result: success, command: CMD_POLL, count: 24

2021-04-07 00:01:28.842 +03:00 [INF] 
COM-> 7F-00-11-7E-46-81-E2-AC-53-CB-3F-5B-DB-BF-B0-0B-29-97-A3-DB-57-1F
COM<- 7F-00-01-F0-3F-A2
result: success, command: CMD_POLL, count: 25

2021-04-07 00:01:29.246 +03:00 [INF] 
COM-> 7F-80-11-7E-8B-85-15-51-F3-7F-7F-4C-DC-56-E2-C0-73-E4-EB-87-E8-A7-31
COM<- 7F-80-01-F0-E8-D0
result: success, command: CMD_POLL, count: 26

2021-04-07 00:01:29.680 +03:00 [INF] 
COM-> 7F-00-11-7E-D5-31-41-D6-8F-9A-F8-C3-66-57-B6-E9-C3-AF-83-29-FE-32
COM<- 7F-00-01-F0-6D-F5
result: success, command: CMD_POLL, count: 27

2021-04-07 00:01:30.107 +03:00 [INF] 
COM-> 7F-80-11-7E-78-6C-8D-25-05-42-3C-ED-95-2B-FA-D8-6A-13-F0-61-9B-FB
COM<- 7F-80-01-F0-05-4D
result: success, command: CMD_POLL, count: 28

2021-04-07 00:01:30.532 +03:00 [INF] 
COM-> 7F-00-11-7E-48-4C-9D-49-4C-D4-35-8E-3D-FB-8D-48-96-5A-48-06-82-05
COM<- 7F-00-01-F0-C4-FB
result: success, command: CMD_POLL, count: 29

2021-04-07 00:01:30.954 +03:00 [INF] 
COM-> 7F-80-11-7E-18-57-AF-E5-CA-E8-E7-83-78-9D-AE-AA-87-08-20-CE-D4-2A
COM<- 7F-80-01-F0-6C-FE
result: success, command: CMD_POLL, count: 30

2021-04-07 00:01:31.376 +03:00 [INF] 
COM-> 7F-00-11-7E-8A-F3-FB-DE-CE-89-24-28-0F-64-CB-66-64-27-2A-15-3A-C7
COM<- 7F-00-01-F0-E9-BF
result: success, command: CMD_POLL, count: 31

2021-04-07 00:01:31.800 +03:00 [INF] 
COM-> 7F-80-11-7E-09-66-73-8A-79-62-6C-4C-3A-BD-04-55-01-3C-0C-4A-63-CD
COM<- 7F-80-01-F0-C5-65
result: success, command: CMD_POLL, count: 32

2021-04-07 00:01:32.218 +03:00 [INF] 
COM-> 7F-00-11-7E-78-21-F5-EB-0A-F8-33-6F-BF-AA-B0-E6-31-FF-9B-DE-90-17
COM<- 7F-00-01-F0-F0-A1
result: success, command: CMD_POLL, count: 33

2021-04-07 00:01:32.639 +03:00 [INF] 
COM-> 7F-80-11-7E-83-20-45-F5-26-7A-B3-D6-24-8B-E1-2B-45-D5-69-F3-19-D3
COM<- 7F-80-01-F0-AE-88
result: success, command: CMD_POLL, count: 34

2021-04-07 00:01:33.061 +03:00 [INF] 
COM-> 7F-00-11-7E-72-18-4A-CF-D1-F0-A0-2A-72-98-17-E8-74-89-3E-BB-02-55
COM<- 7F-00-01-F0-DB-90
result: success, command: CMD_POLL, count: 35

2021-04-07 00:01:33.482 +03:00 [INF] 
COM-> 7F-80-11-7E-D3-6E-CC-20-19-E7-1D-A1-C5-2C-31-35-F2-92-F6-50-8B-42
COM<- 7F-80-01-F0-81-CC
result: success, command: CMD_POLL, count: 36

2021-04-07 00:01:33.902 +03:00 [INF] 
COM-> 7F-00-11-7E-84-7E-78-FC-67-84-62-06-44-29-F8-D2-D8-EF-59-A4-19-04
COM<- 7F-00-01-F0-39-DD
result: success, command: CMD_POLL, count: 37

2021-04-07 00:01:34.323 +03:00 [INF] 
COM-> 7F-80-11-7E-A8-3B-67-83-DA-D0-19-9C-FE-73-76-43-F8-E1-3E-6A-E1-4D
